1659049991683 25.054781827926636 0
1659050068635 15.271143641471863 0
1659050144555 12.076833680470784 0
1659050219806 10.478666512966155 0
1659050295671 9.491238639831543 0
1659050370631 8.851277987162272 0
1659050496694 5.531952571868897 1
1659050572807 5.526086421012878 1
1659050649974 5.552039807637533 1
1659050725368 5.5779717469215395 1
1659050800392 5.574252351760864 1
1659050876265 5.636891328493754 1
1659051002459 5.5102102565765385 2
1659051077581 5.572067732810974 2
1659051152454 5.591074606577555 2
1659051234988 5.588573095798492 2
1659051310283 5.518044664382934 2
1659051386164 5.476143035888672 2
