1659049991683 27.594119997024535 0
1659050068635 17.225755214691162 0
1659050144555 13.953398771286011 0
1659050219806 12.329303874969483 0
1659050295671 11.34642560195923 0
1659050370631 10.719047346115111 0
1659050496694 7.482137708663941 1
1659050572807 7.4514776849746704 1
1659050649974 7.484864066441854 1
1659050725368 7.74224594116211 1
1659050800392 8.122259504318237 1
1659050876265 8.707090156873067 1
1659051002459 9.445016813278198 2
1659051077581 9.659022860527038 2
1659051152454 9.644721784591674 2
1659051234988 9.563015422821046 2
1659051310283 9.358303001403808 2
1659051386164 9.064741746584575 2
