1659049991683 0.791741962134838 0
1659050068635 0.7312072326242923 0
1659050144555 0.6817797881364822 0
1659050219806 0.6503986071050167 0
1659050295671 0.6317958963513375 0
1659050370631 0.6156471622486909 0
1659050496694 0.572927731871605 1
1659050572807 0.5693947480618954 1
1659050649974 0.5668565504749616 1
1659050725368 0.5329581255745143 1
1659050800392 0.47998528385907413 1
1659050876265 0.40880820179358124 1
1659051002459 0.3802854741550982 2
1659051077581 0.33216886497102677 2
1659051152454 0.31395125191658735 2
1659051234988 0.331064421152696 2
1659051310283 0.3648713568300009 2
1659051386164 0.37503088751186925 2
