1659049991683 0.8162186792492867 0
1659050068635 0.7207614442706108 0
1659050144555 0.6786705861985683 0
1659050219806 0.6504931830614805 0
1659050295671 0.6329997110664844 0
1659050370631 0.615283369148771 0
1659050496694 0.5716326689720154 1
1659050572807 0.5628958733379841 1
1659050649974 0.5609662834803263 1
1659050725368 0.5251816707476974 1
1659050800392 0.4691706355465576 1
1659050876265 0.40064713117773254 1
1659051002459 0.354415160510689 2
1659051077581 0.3111741974414326 2
1659051152454 0.31236705916002394 2
1659051234988 0.31490178041160105 2
1659051310283 0.3452961212499067 2
1659051386164 0.3613113629903334 2
