1659049991683 0.8039803218841552 0
1659050068635 0.7259843391180039 0
1659050144555 0.6802251865466435 0
1659050219806 0.6504458940029144 0
1659050295671 0.632397802233696 0
1659050370631 0.6154652644197146 0
1659050496694 0.5722802007198333 1
1659050572807 0.5661453112959862 1
1659050649974 0.5639114159345627 1
1659050725368 0.5290698976442217 1
1659050800392 0.4745779591873288 1
1659050876265 0.40472766597289594 1
1659051002459 0.3673503190279007 2
1659051077581 0.3216715308651328 2
1659051152454 0.31315915551036594 2
1659051234988 0.3229831007774919 2
1659051310283 0.3550837388113141 2
1659051386164 0.36817112496122717 2
