1659049991683 2.5393380844593048 0
1659050068635 1.9546115130186081 0
1659050144555 1.876565046707789 0
1659050219806 1.850637312233448 0
1659050295671 1.8551869180202485 0
1659050370631 1.8677693184216817 0
1659050496694 1.950185126066208 1
1659050572807 1.9253912538290023 1
1659050649974 1.9328242588043212 1
1659050725368 2.1642741960287095 1
1659050800392 2.5480071530342103 1
1659050876265 3.070198825597763 1
1659051002459 3.934806589484215 2
1659051077581 4.086955135762691 2
1659051152454 4.053647173841794 2
1659051234988 3.974442322701216 2
1659051310283 3.84025832593441 2
1659051386164 3.5885986974835395 2
