1659448987558 8.90935702085495 0
1659449034901 4.730578557252884 1
1659449082336 4.873738372325898 2
1659449129987 4.748588278293609 3
1659449177529 4.679947127103805 4
1659449225205 4.583237715959549 5
1659449272786 4.510142096281052 6
1659449319966 4.442846962213516 7
1659449367313 4.376805131435394 8
1659449414347 4.320302864313126 9
1659449461482 4.238601123094559 10
1659449508521 4.192764768600464 11
1659449555775 4.164988721609116 12
1659449602841 4.111595714092255 13
1659449649967 4.090699683427811 14
1659449697750 4.059998883008957 15
1659449745562 4.060822464227677 16
1659449793202 4.029661011695862 17
1659449840687 4.095414574146271 18
1659449888191 4.0089202272892 19
1659449936134 4.220046188831329 20
1659449983977 4.1493747937679295 21
1659450031008 4.166664031744003 22
1659450078294 4.1988116645812985 23
1659450125395 4.235474163293839 24
1659450172482 4.226922169923783 25
1659450219525 4.197750511169434 26
1659450266594 4.263442338705063 27
1659450314408 4.2442133378982545 28
1659450361421 4.193730409145355 29
1659450408496 4.2160051620006564 30
1659450455557 4.230129413604736 31
1659450502674 4.2284899735450745 32
1659450549904 4.191969873905182 33
1659450596765 4.2316893553733825 34
1659450643910 4.2161343944072724 35
1659450691606 4.254201252460479 36
1659450738837 4.3124100518226625 37
1659450785872 4.237556509971618 38
1659450832965 4.195958071947098 39
1659450880119 4.235262553691864 40
1659450927135 4.228154126405716 41
1659450974197 4.1851602399349215 42
1659451021295 4.249983627796173 43
1659451068412 4.208896225690841 44
1659451115464 4.2009255194664 45
1659451162553 4.171996635198593 46
1659451210673 4.1950899863243105 47
1659451257727 4.193693554401397 48
1659451304756 4.255398854017257 49
1659451351875 4.168696427345276 50
1659451398906 4.206975250244141 51
1659451445847 4.221173373460769 52
1659451492916 4.209528079032898 53
1659451539978 4.247004455327987 54
1659451586851 4.219450865983963 55
1659451633929 4.160297585725784 56
1659451680857 4.165141866207123 57
1659451727903 4.1857455122470855 58
1659451776089 4.198286082744598 59
1659451823291 4.21935520529747 60
1659451870365 4.245938338041306 61
1659451917608 4.211335883140564 62
1659451964918 4.195179328918457 63
1659452012371 4.2131291365623476 64
1659452059436 4.180029197931289 65
1659452106562 4.179273331165314 66
1659452153709 4.212881181240082 67
1659452200800 4.2007728600502015 68
1659452247993 4.219795562028885 69
1659452295012 4.204357748031616 70
1659452341945 4.21695466041565 71
1659452388977 4.210912928581238 72
1659452436099 4.177130678892135 73
1659452483190 4.1826144421100615 74
1659452530224 4.217412297725677 75
1659452578568 4.208818908929825 76
1659452625793 4.189635560512543 77
1659452672905 4.207260789871216 78
1659452719934 4.18061022400856 79
1659452767057 4.185398890972137 80
1659452814101 4.192551342248916 81
1659452862010 4.1994971084594725 82
1659452910085 4.200188103914261 83
1659452958231 4.186743729114532 84
1659453006069 4.182124770879746 85
1659453053167 4.191998879909516 86
1659453100411 4.189880901575089 87
1659453147498 4.190343582630158 88
1659453194549 4.188548976182938 89
1659453241704 4.199998995065689 90
1659453288939 4.157620723247528 91
1659453336845 4.185617634057999 92
1659453384736 4.16894083738327 93
1659453432610 4.197832421064377 94
1659453480505 4.161212812662125 95
1659453530489 4.201953058242798 96
1659453578464 4.18889035820961 97
1659453626383 4.156362458467483 98
1659453674252 4.122929171323777 99
