1659448987558 0.6173379832785577 0
1659449034901 0.5364042934775353 1
1659449082336 0.5273514654301107 2
1659449129987 0.5752601815760136 3
1659449177529 0.6167831818014383 4
1659449225205 0.6177282983064651 5
1659449272786 0.6266986704617739 6
1659449319966 0.6290837042778731 7
1659449367313 0.6292418852448464 8
1659449414347 0.6417265310138464 9
1659449461482 0.6452920284122229 10
1659449508521 0.6435056262463331 11
1659449555775 0.6453580188006163 12
1659449602841 0.6408905778080225 13
1659449649967 0.6337202014029026 14
1659449697750 0.6326791429519654 15
1659449745562 0.6283156918734312 16
1659449793202 0.6190683524310588 17
1659449840687 0.5808910601958632 18
1659449888191 0.5525063370144926 19
1659449936134 0.43791364538366906 20
1659449983977 0.4822997699282132 21
1659450031008 0.42638399568852037 22
1659450078294 0.3984760139719583 23
1659450125395 0.37222046287555716 24
1659450172482 0.39950443637673744 25
1659450219525 0.4038784699258395 26
1659450266594 0.3654617747419979 27
1659450314408 0.37192394884303215 28
1659450361421 0.3507356940238969 29
1659450408496 0.3767765337228775 30
1659450455557 0.39421812057262284 31
1659450502674 0.3347734911669977 32
1659450549904 0.3992375851352699 33
1659450596765 0.38461912696249784 34
1659450643910 0.34987778136972336 35
1659450691606 0.30522865514853037 36
1659450738837 0.2764121908173547 37
1659450785872 0.30639690209180115 38
1659450832965 0.36622757994104177 39
1659450880119 0.2619674899126403 40
1659450927135 0.24595188228529877 41
1659450974197 0.38378145567607136 42
1659451021295 0.2773410035530105 43
1659451068412 0.3039466678199824 44
1659451115464 0.2739057846035575 45
1659451162553 0.32676993345608935 46
1659451210673 0.32238546282052993 47
1659451257727 0.20793056814116426 48
1659451304756 0.22605842394463252 49
1659451351875 0.3216422114893794 50
1659451398906 0.20225968966755317 51
1659451445847 0.20821689464442897 52
1659451492916 0.3573571410289151 53
1659451539978 0.20267711818218231 54
1659451586851 0.2341119412239641 55
1659451633929 0.3215005782304797 56
1659451680857 0.23620475474570413 57
1659451727903 0.2927376030723099 58
1659451776089 0.23869887981330976 59
1659451823291 0.20983984706741465 60
1659451870365 0.19876918979764013 61
1659451917608 0.25297242534696124 62
1659451964918 0.22986681621696334 63
1659452012371 0.17042703391933173 64
1659452059436 0.26594201682077256 65
1659452106562 0.2412175898424175 66
1659452153709 0.19937203878187573 67
1659452200800 0.2387510714563541 68
1659452247993 0.2094863888528198 69
1659452295012 0.1967863352264976 70
1659452341945 0.19713913488041726 71
1659452388977 0.19153128303732955 72
1659452436099 0.2564117818232626 73
1659452483190 0.23542294049751944 74
1659452530224 0.17086350277269957 75
1659452578568 0.19507451957586455 76
1659452625793 0.26105668852862435 77
1659452672905 0.19315152640716404 78
1659452719934 0.25498238718893845 79
1659452767057 0.20125114454676804 80
1659452814101 0.2505253513244679 81
1659452862010 0.19894925255328416 82
1659452910085 0.19273568320204504 83
1659452958231 0.2647857079101959 84
1659453006069 0.1681507324372069 85
1659453053167 0.23827006019215333 86
1659453100411 0.17092988068252452 87
1659453147498 0.2923687127052108 88
1659453194549 0.21566231206816155 89
1659453241704 0.19695686277002097 90
1659453288939 0.17342011127911974 91
1659453336845 0.22771144867147086 92
1659453384736 0.21273081585022738 93
1659453432610 0.1980418815574376 94
1659453480505 0.2734544934619771 95
1659453530489 0.19186125918349717 96
1659453578464 0.1375655963740428 97
1659453626383 0.30378859530166663 98
1659453674252 0.27452317027637035 99
