1659448987558 0.6441916594468057 0
1659449034901 0.5400044330582022 1
1659449082336 0.5302924305573106 2
1659449129987 0.5755804085358978 3
1659449177529 0.619610297307372 4
1659449225205 0.6269863908737898 5
1659449272786 0.6338595804572106 6
1659449319966 0.6367017049342394 7
1659449367313 0.6392508055269718 8
1659449414347 0.6478164166212081 9
1659449461482 0.6517281904816628 10
1659449508521 0.6506122881174088 11
1659449555775 0.6538729859888553 12
1659449602841 0.6512483288347721 13
1659449649967 0.646444889307022 14
1659449697750 0.6461793323606253 15
1659449745562 0.6408500377088785 16
1659449793202 0.6321845308691263 17
1659449840687 0.607306253099814 18
1659449888191 0.5576327809132635 19
1659449936134 0.449159354143776 20
1659449983977 0.49322168078273537 21
1659450031008 0.4226457921182737 22
1659450078294 0.38968812599079683 23
1659450125395 0.37071548462845383 24
1659450172482 0.41755241292063144 25
1659450219525 0.4057813067198731 26
1659450266594 0.3682058761641383 27
1659450314408 0.36474032600410283 28
1659450361421 0.3690475909318775 29
1659450408496 0.3902279574610293 30
1659450455557 0.4317995191924274 31
1659450502674 0.3583547335024923 32
1659450549904 0.392176525099203 33
1659450596765 0.39719793385709634 34
1659450643910 0.37612959791906175 35
1659450691606 0.3110050448868424 36
1659450738837 0.2708479623764288 37
1659450785872 0.3355588269047439 38
1659450832965 0.3830668407632038 39
1659450880119 0.28324470194987955 40
1659450927135 0.24354398736031727 41
1659450974197 0.39736552685964854 42
1659451021295 0.2877574955718592 43
1659451068412 0.31928993119392546 44
1659451115464 0.2889673259598203 45
1659451162553 0.3860235056211241 46
1659451210673 0.3219985115222517 47
1659451257727 0.2230970817198977 48
1659451304756 0.21650410491158253 49
1659451351875 0.3497592088091187 50
1659451398906 0.23392653571208938 51
1659451445847 0.22455668461276218 52
1659451492916 0.3765249671693891 53
1659451539978 0.2243758811079897 54
1659451586851 0.25558050024090334 55
1659451633929 0.3533695552754216 56
1659451680857 0.24659991852939128 57
1659451727903 0.3243391785351559 58
1659451776089 0.22245831561274826 59
1659451823291 0.23054316386580467 60
1659451870365 0.20558758174884134 61
1659451917608 0.27699206985533237 62
1659451964918 0.2434282300178893 63
1659452012371 0.19955863053444772 64
1659452059436 0.3313841704709921 65
1659452106562 0.25944695826852693 66
1659452153709 0.2087636448815465 67
1659452200800 0.2621920618065633 68
1659452247993 0.2218690335896099 69
1659452295012 0.22162057232810184 70
1659452341945 0.21891541754826904 71
1659452388977 0.20958391821477562 72
1659452436099 0.2608375927514862 73
1659452483190 0.28237745402147996 74
1659452530224 0.20483455717912874 75
1659452578568 0.22239202828146518 76
1659452625793 0.2790213340497576 77
1659452672905 0.21606355576252098 78
1659452719934 0.3055810942023527 79
1659452767057 0.22751453549659345 80
1659452814101 0.260837357188575 81
1659452862010 0.21152795440051705 82
1659452910085 0.22116431513102724 83
1659452958231 0.31186348584597 84
1659453006069 0.18600282206141855 85
1659453053167 0.26574587597046045 86
1659453100411 0.18087461812770925 87
1659453147498 0.30478992944495986 88
1659453194549 0.2301424545131158 89
1659453241704 0.2188144435721915 90
1659453288939 0.1891136224498041 91
1659453336845 0.24235035710851663 92
1659453384736 0.23813696330878883 93
1659453432610 0.21159091437468305 94
1659453480505 0.30009420674294235 95
1659453530489 0.20190149514557562 96
1659453578464 0.14277395800920203 97
1659453626383 0.3265367722016526 98
1659453674252 0.3096031298977323 99
