1659448987558 0.6307648205012083 0
1659449034901 0.5382043631374835 1
1659449082336 0.5288219475746154 2
1659449129987 0.5754202941060066 3
1659449177529 0.6181967383623124 4
1659449225205 0.6223573449254036 5
1659449272786 0.6302791240811348 6
1659449319966 0.632892704308033 7
1659449367313 0.6342463459074498 8
1659449414347 0.6447714729607106 9
1659449461482 0.6485101079940796 10
1659449508521 0.6470589566230774 11
1659449555775 0.6496155016124249 12
1659449602841 0.646069450378418 13
1659449649967 0.6400825452804565 14
1659449697750 0.6394292393326759 15
1659449745562 0.6345828653872013 16
1659449793202 0.6256264434754848 17
1659449840687 0.5940986580215395 18
1659449888191 0.5550695604085922 19
1659449936134 0.4435364989191294 20
1659449983977 0.48776072572916745 21
1659450031008 0.42451489271596077 22
1659450078294 0.3940820698812604 23
1659450125395 0.37146797250024977 24
1659450172482 0.408528425025288 25
1659450219525 0.40482988764531913 26
1659450266594 0.366833824547939 27
1659450314408 0.36833213738165793 28
1659450361421 0.35989164375700056 29
1659450408496 0.3835022456198931 30
1659450455557 0.4130088205449283 31
1659450502674 0.34656411239877344 32
1659450549904 0.395707055144012 33
1659450596765 0.39090853055007757 34
1659450643910 0.36300368992611765 35
1659450691606 0.3081168501824141 36
1659450738837 0.27363007627311164 37
1659450785872 0.3209778654109687 38
1659450832965 0.37464720943942664 39
1659450880119 0.27260609563440086 40
1659450927135 0.2447479351889342 41
1659450974197 0.3905734915845096 42
1659451021295 0.282549249464646 43
1659451068412 0.31161829985678197 44
1659451115464 0.2814365553855896 45
1659451162553 0.35639672094024716 46
1659451210673 0.32219198817387223 47
1659451257727 0.21551382483914494 48
1659451304756 0.2212812637956813 49
1659451351875 0.3357007098197937 50
1659451398906 0.21809311144985258 51
1659451445847 0.21638679094146937 52
1659451492916 0.3669410544959828 53
1659451539978 0.21352650021202862 54
1659451586851 0.2448462213203311 55
1659451633929 0.3374350658338517 56
1659451680857 0.24140233708545566 57
1659451727903 0.30853839094284924 58
1659451776089 0.23057859857566654 59
1659451823291 0.22019150546751917 60
1659451870365 0.20217838581651448 61
1659451917608 0.2649822494992986 62
1659451964918 0.23664752323180438 63
1659452012371 0.18499283260200172 64
1659452059436 0.2986630945978686 65
1659452106562 0.250332274120301 66
1659452153709 0.2040678414190188 67
1659452200800 0.25047156589105724 68
1659452247993 0.21567771169822664 69
1659452295012 0.20920345364604145 70
1659452341945 0.20802727750036865 71
1659452388977 0.20055760081391782 72
1659452436099 0.25862468764185903 73
1659452483190 0.2589001970924437 74
1659452530224 0.18784902927465738 75
1659452578568 0.2087332742381841 76
1659452625793 0.2700390107464045 77
1659452672905 0.2046075406111777 78
1659452719934 0.28028174011502416 79
1659452767057 0.2143828402715735 80
1659452814101 0.2556813531275839 81
1659452862010 0.2052386037213728 82
1659452910085 0.20694999904371797 83
1659452958231 0.28832459686789663 84
1659453006069 0.1770767773455009 85
1659453053167 0.2520079678110778 86
1659453100411 0.17590224963147194 87
1659453147498 0.29857932101236656 88
1659453194549 0.22290238339453936 89
1659453241704 0.2078856530226767 90
1659453288939 0.1812668666196987 91
1659453336845 0.23503090315964073 92
1659453384736 0.2254338910849765 93
1659453432610 0.2048163981200196 94
1659453480505 0.28677435122895983 95
1659453530489 0.19688137744087725 96
1659453578464 0.14016977691091598 97
1659453626383 0.3151626842562109 98
1659453674252 0.29206314983777704 99
