1659448987558 10.339007711410522 0
1659449034901 6.535252003669739 1
1659449082336 6.950955970287323 2
1659449129987 6.520045893192291 3
1659449177529 6.151259138584137 4
1659449225205 5.970316119194031 5
1659449272786 5.809768207073212 6
1659449319966 5.65484010219574 7
1659449367313 5.554025373458862 8
1659449414347 5.426998202800751 9
1659449461482 5.300162434577942 10
1659449508521 5.25031988620758 11
1659449555775 5.195279142856598 12
1659449602841 5.147760691642762 13
1659449649967 5.141043992042541 14
1659449697750 5.1184624314308165 15
1659449745562 5.155743803977966 16
1659449793202 5.16266173362732 17
1659449840687 5.66610463142395 18
1659449888191 5.825619196891784 19
1659449936134 6.611463027000427 20
1659449983977 6.554878505468369 21
1659450031008 6.8685622406005855 22
1659450078294 7.220075643062591 23
1659450125395 7.288333044052124 24
1659450172482 7.1132928442955015 25
1659450219525 7.064914885759354 26
1659450266594 7.139586734771728 27
1659450314408 7.208394231796265 28
1659450361421 7.2678179264068605 29
1659450408496 7.027316172122955 30
1659450455557 7.068975777626037 31
1659450502674 7.270134859085083 32
1659450549904 6.839708540439606 33
1659450596765 7.195377917289734 34
1659450643910 7.017573809623718 35
1659450691606 7.545832972526551 36
1659450738837 8.103764390945434 37
1659450785872 7.702510693073273 38
1659450832965 7.070498728752137 39
1659450880119 7.780842635631561 40
1659450927135 7.994518036842346 41
1659450974197 7.236607255935669 42
1659451021295 7.702531163692474 43
1659451068412 7.691418800354004 44
1659451115464 7.721944704055786 45
1659451162553 7.4769575095176695 46
1659451210673 7.6587134861946105 47
1659451257727 8.064619781970977 48
1659451304756 8.443893649578094 49
1659451351875 7.5249926578998565 50
1659451398906 8.44469762802124 51
1659451445847 8.20423619747162 52
1659451492916 7.60013525724411 53
1659451539978 8.40704939365387 54
1659451586851 8.309205374717713 55
1659451633929 7.486896977424622 56
1659451680857 7.973497834205627 57
1659451727903 7.887585296630859 58
1659451776089 8.30323523759842 59
1659451823291 8.309060533046722 60
1659451870365 8.541332459449768 61
1659451917608 8.306979789733887 62
1659451964918 8.17067199230194 63
1659452012371 8.772213618755341 64
1659452059436 8.260647013187409 65
1659452106562 8.068720307350159 66
1659452153709 8.433207941055297 67
1659452200800 8.203271877765655 68
1659452247993 8.567537162303925 69
1659452295012 8.410215866565704 70
1659452341945 8.834894773960114 71
1659452388977 8.436584312915802 72
1659452436099 8.17710953950882 73
1659452483190 8.121185357570647 74
1659452530224 8.602753536701202 75
1659452578568 8.682984449863433 76
1659452625793 8.088423264026641 77
1659452672905 8.712273182868957 78
1659452719934 8.074066014289857 79
1659452767057 8.32604079246521 80
1659452814101 8.184432361125946 81
1659452862010 8.539798600673675 82
1659452910085 8.5313076877594 83
1659452958231 8.096854040622711 84
1659453006069 8.602583129405975 85
1659453053167 8.173596167564392 86
1659453100411 8.714415285587311 87
1659453147498 8.184606866836548 88
1659453194549 8.21628568649292 89
1659453241704 8.656269195079803 90
1659453288939 8.61985439300537 91
1659453336845 8.318081276416779 92
1659453384736 8.336853585243226 93
1659453432610 8.553482248783112 94
1659453480505 8.189932825565338 95
1659453530489 8.32782755613327 96
1659453578464 8.675073552131654 97
1659453626383 8.209422130584716 98
1659453674252 7.77845095872879 99
