1659448987558 1.4296506983041763 0
1659449034901 1.8046734502911568 1
1659449082336 2.0772176131606104 2
1659449129987 1.7714576154947281 3
1659449177529 1.4713120117783547 4
1659449225205 1.387078396975994 5
1659449272786 1.299626125395298 6
1659449319966 1.2119931271672248 7
1659449367313 1.177220222502947 8
1659449414347 1.1066953259706498 9
1659449461482 1.0615613117814064 10
1659449508521 1.057555114030838 11
1659449555775 1.0302904334664345 12
1659449602841 1.0361649802327155 13
1659449649967 1.0503443093597888 14
1659449697750 1.0584635365009307 15
1659449745562 1.0949213486909866 16
1659449793202 1.1330007402598858 17
1659449840687 1.5706900584697723 18
1659449888191 1.8166989763081074 19
1659449936134 2.3914168244600296 20
1659449983977 2.4055037204548717 21
1659450031008 2.7018982318043707 22
1659450078294 3.021264001317322 23
1659450125395 3.0528588780015706 24
1659450172482 2.8863706520199774 25
1659450219525 2.8671643828228115 26
1659450266594 2.876144380271435 27
1659450314408 2.964180907383561 28
1659450361421 3.0740875039994715 29
1659450408496 2.811311004757881 30
1659450455557 2.8388463953137397 31
1659450502674 3.0416449017822744 32
1659450549904 2.647738673500717 33
1659450596765 2.963688565623015 34
1659450643910 2.801439451277256 35
1659450691606 3.2916317334771157 36
1659450738837 3.7913543028384447 37
1659450785872 3.464954180121422 38
1659450832965 2.874540658965707 39
1659450880119 3.5455800983309746 40
1659450927135 3.766363892555237 41
1659450974197 3.051447011679411 42
1659451021295 3.4525475486367943 43
1659451068412 3.4825225718319417 44
1659451115464 3.521019170880318 45
1659451162553 3.304960871934891 46
1659451210673 3.463623502925038 47
1659451257727 3.8709262293577194 48
1659451304756 4.188494778312743 49
1659451351875 3.356296251565218 50
1659451398906 4.237722406983376 51
1659451445847 3.983062828183174 52
1659451492916 3.390607180930674 53
1659451539978 4.160044957399368 54
1659451586851 4.089754492864013 55
1659451633929 3.3265993836149574 56
1659451680857 3.8083559707179666 57
1659451727903 3.7018397782742976 58
1659451776089 4.104949155449868 59
1659451823291 4.0897053140401844 60
1659451870365 4.29539410173893 61
1659451917608 4.095643903613091 62
1659451964918 3.9754926985502244 63
1659452012371 4.559084443151951 64
1659452059436 4.0806178115308285 65
1659452106562 3.889446984529495 66
1659452153709 4.220326764583588 67
1659452200800 4.002498986721039 68
1659452247993 4.347741604819894 69
1659452295012 4.205858108699322 70
1659452341945 4.617940086722374 71
1659452388977 4.225671369433403 72
1659452436099 3.9999788336455824 73
1659452483190 3.938570881895721 74
1659452530224 4.385341224372387 75
1659452578568 4.4741655291616915 76
1659452625793 3.8987876906991006 77
1659452672905 4.505012418627739 78
1659452719934 3.893455784767866 79
1659452767057 4.140641920864582 80
1659452814101 3.991881014108658 81
1659452862010 4.340301524847746 82
1659452910085 4.331119570732117 83
1659452958231 3.910110312923789 84
1659453006069 4.420458376407623 85
1659453053167 3.9815972682833674 86
1659453100411 4.5245343858003615 87
1659453147498 3.994263309772359 88
1659453194549 4.027736712396145 89
1659453241704 4.4562702023983 90
1659453288939 4.4622336691617965 91
1659453336845 4.132463667541742 92
1659453384736 4.167912774607539 93
1659453432610 4.355649834275246 94
1659453480505 4.028719986826181 95
1659453530489 4.125874524712563 96
1659453578464 4.4861831936240195 97
1659453626383 4.053059657663107 98
1659453674252 3.6555217704176903 99
