1659036566948 31.885121631622315 0
1659036586294 19.425633478164674 0
1659036605184 15.462075138092041 0
1659036623904 13.653338162899017 0
1659036642650 12.697957618713378 0
1659036675953 8.677651510238647 1
1659036694671 8.529560804367065 1
1659036713501 8.417588787078857 1
1659036732265 8.453785417079926 1
1659036752127 8.493750093460083 1
1659036786266 9.09599054336548 2
1659036805010 8.636503658294679 2
1659036824736 8.468557278315226 2
1659036844275 8.596463410854339 2
1659036863201 7.9821097297668455 2
1659036896736 6.195507011413574 3
1659036915502 6.8475130796432495 3
1659036934284 7.337180916468302 3
1659036953069 7.851265978813172 3
1659036971981 8.092001525878906 3
1659037006205 9.573286476135253 4
1659037025366 9.507623052597046 4
1659037044797 9.339595953623453 4
1659037064196 9.336317911148072 4
1659037083614 9.25913193321228 4
