1659036566948 29.889025182723998 0
1659036586294 17.48535668849945 0
1659036605184 13.208876508076985 0
1659036623904 11.085169758796692 0
1659036642650 9.811956073760987 0
1659036675953 4.706753392219543 1
1659036694671 4.682992401123047 1
1659036713501 4.684735857645671 1
1659036732265 4.648835279941559 1
1659036752127 4.631968693733215 1
1659036786266 4.600685052871704 2
1659036805010 4.609790277481079 2
1659036824736 4.615540307362874 2
1659036844275 4.577118688821793 2
1659036863201 4.520314863204956 2
1659036896736 4.393844885826111 3
1659036915502 4.601789016723632 3
1659036934284 4.680320717493693 3
1659036953069 4.766421549320221 3
1659036971981 4.781197571754456 3
1659037006205 5.066713466644287 4
1659037025366 5.142441267967224 4
1659037044797 5.105239054361979 4
1659037064196 5.0586554098129275 4
1659037083614 5.018115914344787 4
