1659036566948 0.5139321900904179 0
1659036586294 0.4816902314312756 0
1659036605184 0.38626152427246174 0
1659036623904 0.3316180056484882 0
1659036642650 0.28337151306588204 0
1659036675953 0.08360709217842668 1
1659036694671 0.17871780395973474 1
1659036713501 0.24786576342458527 1
1659036732265 0.2027978033060208 1
1659036752127 0.16992511982191355 1
1659036786266 0.03378578295465559 2
1659036805010 0.16592901031835935 2
1659036824736 0.16747105764613177 2
1659036844275 0.149979563219822 2
1659036863201 0.2552446153271012 2
1659036896736 0.3801258814334869 3
1659036915502 0.35459838643670083 3
1659036934284 0.29941901958857975 3
1659036953069 0.26258480732445605 3
1659036971981 0.23825632483698428 3
1659037006205 0.129320002309978 4
1659037025366 0.16675825832178817 4
1659037044797 0.19142217822838575 4
1659037064196 0.20416364705364687 4
1659037083614 0.21319022902846335 4
