1659036566948 0.4956845697760582 0
1659036586294 0.47559000089764597 0
1659036605184 0.37670225888490677 0
1659036623904 0.32811795340850947 0
1659036642650 0.281098283007741 0
1659036675953 0.06715052898973227 1
1659036694671 0.1758121288381517 1
1659036713501 0.25302662326643865 1
1659036732265 0.20638784150592981 1
1659036752127 0.17155799178406597 1
1659036786266 0.028207700215280056 2
1659036805010 0.17960597436875106 2
1659036824736 0.17819855723530054 2
1659036844275 0.15667616839986295 2
1659036863201 0.2701837405823171 2
1659036896736 0.3855006340146065 3
1659036915502 0.36154990300536155 3
1659036934284 0.2992386512209972 3
1659036953069 0.25957775393500926 3
1659036971981 0.23315798351168632 3
1659037006205 0.12662168217822908 4
1659037025366 0.1635658020246774 4
1659037044797 0.19447013897821308 4
1659037064196 0.21293602807912976 4
1659037083614 0.21833451452478767 4
