1659036566948 1.9960963749885559 0
1659036586294 1.940276734828949 0
1659036605184 2.253198583920797 0
1659036623904 2.568168359994888 0
1659036642650 2.886001504898071 0
1659036675953 3.970898070335388 1
1659036694671 3.8465683484077453 1
1659036713501 3.7328528785705566 1
1659036732265 3.804950098991394 1
1659036752127 3.861781373023987 1
1659036786266 4.495305452346802 2
1659036805010 4.026713387966156 2
1659036824736 3.8530169836680095 2
1659036844275 4.019344742298126 2
1659036863201 3.4617948879003526 2
1659036896736 1.8016621446609498 3
1659036915502 2.245724068284035 3
1659036934284 2.6568602065245313 3
1659036953069 3.08484444886446 3
1659036971981 3.310803961992264 3
1659037006205 4.506573033332825 4
1659037025366 4.3651817870140075 4
1659037044797 4.234356897672018 4
1659037064196 4.277662487030029 4
1659037083614 4.241016015052796 4
