1659036566948 0.4774369478225708 0
1659036586294 0.469489768370986 0
1659036605184 0.3671429905295372 0
1659036623904 0.3246178994886577 0
1659036642650 0.27882505152374504 0
1659036675953 0.050693965647369624 1
1659036694671 0.17290645700879395 1
1659036713501 0.2581874826550484 1
1659036732265 0.20997787958476694 1
1659036752127 0.1731908636391163 1
1659036786266 0.022629617340862752 2
1659036805010 0.1932829416450113 2
1659036824736 0.1889260600755612 2
1659036844275 0.16337277622893454 2
1659036863201 0.2851228673905134 2
1659036896736 0.3908753864467144 3
1659036915502 0.36850141908973455 3
1659036934284 0.29905828248088556 3
1659036953069 0.2565707000694238 3
1659036971981 0.22805964195914566 3
1659037006205 0.12392336183227598 4
1659037025366 0.16037334545049817 4
1659037044797 0.19751809779865045 4
1659037064196 0.22170840993290766 4
1659037083614 0.22347880030237138 4
